# Pis
[0.1, 0.1, 0.1, 0.1, 0.1, 0.1, 0.1, 0.1, 0.1, 0.1]

# Means
[[-10.0, 0.0], [0.0, -10.0], [10.0, 0.0], [0.0, 10.0], [-5.0, 4.5], [5.0, 4.5], [0.0, -0.5], [0.0, -7.5], [-7.0, -5.5], [7.0, -5.5]]

# Sigmas
[[[0.1, 0.0], [0.0, 15.0]],
 [[15.0, 0.0], [0.0, 0.1]],
 [[0.1, 0.0], [0.0, 15.0]],
 [[15.0, 0.0], [0.0, 0.1]],
 [[3.0, 0.0], [0.0, 0.1]],
 [[1.0, 0.0], [0.0, 1.0]],
 [[0.1, 0.0], [0.0, 3.0]],
 [[4.0, 0.0], [0.0, 0.1]],
 [[0.5500000000000002, -0.45], [-0.45, 0.5499999999999999]],
 [[0.5500000000000002, 0.45], [0.45, 0.5499999999999999]]]
